rouge1.f1: 0.25108610826009764
rouge1.precision: 0.2540893547667651
rouge1.recall: 0.4632142857142857
rougeL.f1: 0.24809131304755563
rougeL.precision: 0.25206218055113516
rougeL.recall: 0.4567857142857143
bertS.f1: 0.8043092602491378
bertS.precision: 0.796746267080307
bertS.recall: 0.8130237370729446
