rouge1.f1: 0.2480123405383198
rouge1.precision: 0.24844133522192047
rouge1.recall: 0.4388095238095238
rougeL.f1: 0.2471643649844619
rougeL.precision: 0.24778260506319028
rougeL.recall: 0.4373809523809524
bertS.f1: 0.8122297924757004
bertS.precision: 0.8052724039554596
bertS.recall: 0.8202110230922699
